train
R2:0.01387072574183177
MSE:0.28860652956794364
RMSE:0.5372211179467387
MAE:0.362857089640113
test
R2:0.015867890213641808
MSE:0.2725875296534865
RMSE:0.5220991569170425
MAE:0.35063187211665975
