train
R2:0.9997561701064525
MSE:7.315326648050018e-05
RMSE:0.008552968284782785
MAE:0.006406013103074692
test
R2:0.9680280849596743
MSE:0.008847071133976826
RMSE:0.09405887057570289
MAE:0.0592618291993426
